1731504447.000000, IBI
13.921875,0.718750
14.671875,0.750000
15.468750,0.796875
16.250000,0.781250
21.328125,0.609375
22.109375,0.781250
22.843750,0.734375
23.531250,0.687500
24.312500,0.781250
29.140625,0.671875
29.781250,0.640625
30.421875,0.640625
31.109375,0.687500
31.796875,0.687500
32.453125,0.656250
33.140625,0.687500
33.859375,0.718750
34.562500,0.703125
35.234375,0.671875
35.968750,0.734375
36.687500,0.718750
37.406250,0.718750
38.078125,0.671875
38.734375,0.656250
39.437500,0.703125
40.171875,0.734375
40.859375,0.687500
41.546875,0.687500
42.250000,0.703125
42.937500,0.687500
43.578125,0.640625
44.265625,0.687500
44.984375,0.718750
45.718750,0.734375
46.421875,0.703125
47.140625,0.718750
47.859375,0.718750
48.562500,0.703125
49.156250,0.593750
49.812500,0.656250
50.468750,0.656250
51.140625,0.671875
51.796875,0.656250
52.500000,0.703125
53.218750,0.718750
53.937500,0.718750
54.640625,0.703125
55.359375,0.718750
56.078125,0.718750
56.734375,0.656250
57.406250,0.671875
58.093750,0.687500
58.796875,0.703125
59.468750,0.671875
60.171875,0.703125
60.890625,0.718750
61.578125,0.687500
62.234375,0.656250
62.906250,0.671875
63.625000,0.718750
1731504447.000000, IBI
13.921875,0.718750
14.671875,0.750000
15.468750,0.796875
16.250000,0.781250
21.328125,0.609375
22.109375,0.781250
22.843750,0.734375
23.531250,0.687500
24.312500,0.781250
29.140625,0.671875
29.781250,0.640625
30.421875,0.640625
31.109375,0.687500
31.796875,0.687500
32.453125,0.656250
33.140625,0.687500
33.859375,0.718750
34.562500,0.703125
35.234375,0.671875
35.968750,0.734375
36.687500,0.718750
37.406250,0.718750
38.078125,0.671875
38.734375,0.656250
39.437500,0.703125
40.171875,0.734375
40.859375,0.687500
41.546875,0.687500
42.250000,0.703125
42.937500,0.687500
64.296875,0.671875
64.953125,0.656250
65.656250,0.703125
66.390625,0.734375
67.093750,0.703125
67.750000,0.656250
68.468750,0.718750
69.171875,0.703125
69.859375,0.687500
70.546875,0.687500
71.250000,0.703125
71.953125,0.703125
72.609375,0.656250
73.312500,0.703125
74.015625,0.703125
74.671875,0.656250
75.343750,0.671875
76.031250,0.687500
76.750000,0.718750
77.437500,0.687500
78.125000,0.687500
78.796875,0.671875
79.515625,0.718750
80.187500,0.671875
80.875000,0.687500
81.578125,0.703125
82.281250,0.703125
82.937500,0.656250
83.656250,0.718750
84.375000,0.718750
43.578125,0.640625
44.265625,0.687500
44.984375,0.718750
45.718750,0.734375
46.421875,0.703125
47.140625,0.718750
47.859375,0.718750
48.562500,0.703125
49.156250,0.593750
49.812500,0.656250
50.468750,0.656250
51.140625,0.671875
51.796875,0.656250
52.500000,0.703125
53.218750,0.718750
53.937500,0.718750
54.640625,0.703125
55.359375,0.718750
56.078125,0.718750
56.734375,0.656250
57.406250,0.671875
58.093750,0.687500
58.796875,0.703125
59.468750,0.671875
60.171875,0.703125
60.890625,0.718750
61.578125,0.687500
62.234375,0.656250
62.906250,0.671875
63.625000,0.718750
85.093750,0.718750
85.750000,0.656250
86.437500,0.687500
87.140625,0.703125
87.796875,0.656250
88.437500,0.640625
89.125000,0.687500
89.875000,0.750000
90.578125,0.703125
91.281250,0.703125
92.015625,0.734375
92.781250,0.765625
93.500000,0.718750
94.234375,0.734375
94.984375,0.750000
95.703125,0.718750
96.375000,0.671875
97.078125,0.703125
97.781250,0.703125
98.484375,0.703125
99.171875,0.687500
99.875000,0.703125
100.578125,0.703125
101.296875,0.718750
102.000000,0.703125
102.718750,0.718750
103.484375,0.765625
104.187500,0.703125
104.875000,0.687500
105.578125,0.703125
64.296875,0.671875
64.953125,0.656250
65.656250,0.703125
66.390625,0.734375
67.093750,0.703125
67.750000,0.656250
68.468750,0.718750
69.171875,0.703125
69.859375,0.687500
70.546875,0.687500
71.250000,0.703125
71.953125,0.703125
72.609375,0.656250
73.312500,0.703125
74.015625,0.703125
74.671875,0.656250
75.343750,0.671875
76.031250,0.687500
76.750000,0.718750
77.437500,0.687500
78.125000,0.687500
78.796875,0.671875
79.515625,0.718750
80.187500,0.671875
80.875000,0.687500
81.578125,0.703125
82.281250,0.703125
82.937500,0.656250
83.656250,0.718750
84.375000,0.718750
106.296875,0.718750
106.968750,0.671875
107.625000,0.656250
108.343750,0.718750
109.078125,0.734375
109.812500,0.734375
110.515625,0.703125
111.250000,0.734375
111.937500,0.687500
112.609375,0.671875
113.312500,0.703125
114.062500,0.750000
114.796875,0.734375
115.546875,0.750000
116.312500,0.765625
117.093750,0.781250
117.828125,0.734375
118.578125,0.750000
119.328125,0.750000
120.078125,0.750000
120.796875,0.718750
121.546875,0.750000
122.296875,0.750000
123.031250,0.734375
123.796875,0.765625
124.593750,0.796875
125.390625,0.796875
126.109375,0.718750
126.828125,0.718750
127.546875,0.718750
85.093750,0.718750
85.750000,0.656250
86.437500,0.687500
87.140625,0.703125
87.796875,0.656250
88.437500,0.640625
89.125000,0.687500
89.875000,0.750000
90.578125,0.703125
91.281250,0.703125
92.015625,0.734375
92.781250,0.765625
93.500000,0.718750
94.234375,0.734375
94.984375,0.750000
95.703125,0.718750
96.375000,0.671875
97.078125,0.703125
97.781250,0.703125
98.484375,0.703125
99.171875,0.687500
99.875000,0.703125
100.578125,0.703125
101.296875,0.718750
102.000000,0.703125
102.718750,0.718750
103.484375,0.765625
104.187500,0.703125
104.875000,0.687500
105.578125,0.703125
128.296875,0.750000
129.031250,0.734375
129.781250,0.750000
130.515625,0.734375
131.265625,0.750000
131.968750,0.703125
132.687500,0.718750
133.421875,0.734375
134.125000,0.703125
134.828125,0.703125
135.562500,0.734375
136.343750,0.781250
137.109375,0.765625
137.843750,0.734375
138.609375,0.765625
139.375000,0.765625
140.078125,0.703125
140.796875,0.718750
141.562500,0.765625
142.328125,0.765625
143.062500,0.734375
143.843750,0.781250
144.609375,0.765625
145.390625,0.781250
146.140625,0.750000
146.906250,0.765625
147.671875,0.765625
148.421875,0.750000
151.843750,0.640625
152.531250,0.687500
106.296875,0.718750
106.968750,0.671875
107.625000,0.656250
108.343750,0.718750
109.078125,0.734375
109.812500,0.734375
110.515625,0.703125
111.250000,0.734375
111.937500,0.687500
112.609375,0.671875
113.312500,0.703125
114.062500,0.750000
114.796875,0.734375
115.546875,0.750000
116.312500,0.765625
117.093750,0.781250
117.828125,0.734375
118.578125,0.750000
119.328125,0.750000
120.078125,0.750000
120.796875,0.718750
121.546875,0.750000
122.296875,0.750000
123.031250,0.734375
123.796875,0.765625
124.593750,0.796875
125.390625,0.796875
126.109375,0.718750
126.828125,0.718750
127.546875,0.718750
128.296875,0.750000
129.031250,0.734375
129.781250,0.750000
130.515625,0.734375
131.265625,0.750000
131.968750,0.703125
132.687500,0.718750
133.421875,0.734375
134.125000,0.703125
134.828125,0.703125
135.562500,0.734375
136.343750,0.781250
137.109375,0.765625
137.843750,0.734375
138.609375,0.765625
139.375000,0.765625
140.078125,0.703125
140.796875,0.718750
141.562500,0.765625
142.328125,0.765625
143.062500,0.734375
143.843750,0.781250
144.609375,0.765625
145.390625,0.781250
146.140625,0.750000
146.906250,0.765625
147.671875,0.765625
148.421875,0.750000
151.843750,0.640625
152.531250,0.687500
153.328125,0.796875
154.171875,0.843750
154.890625,0.718750
155.656250,0.765625
164.359375,0.687500
165.031250,0.671875
165.703125,0.671875
166.421875,0.718750
167.156250,0.734375
167.953125,0.796875
168.718750,0.765625
169.484375,0.765625
170.250000,0.765625
171.015625,0.765625
171.718750,0.703125
172.453125,0.734375
173.234375,0.781250
174.015625,0.781250
174.750000,0.734375
175.468750,0.718750
176.203125,0.734375
176.937500,0.734375
177.656250,0.718750
178.437500,0.781250
179.218750,0.781250
179.953125,0.734375
180.671875,0.718750
181.421875,0.750000
182.171875,0.750000
182.890625,0.718750
153.328125,0.796875
154.171875,0.843750
154.890625,0.718750
155.656250,0.765625
164.359375,0.687500
165.031250,0.671875
165.703125,0.671875
166.421875,0.718750
167.156250,0.734375
167.953125,0.796875
168.718750,0.765625
169.484375,0.765625
170.250000,0.765625
171.015625,0.765625
171.718750,0.703125
172.453125,0.734375
173.234375,0.781250
174.015625,0.781250
174.750000,0.734375
175.468750,0.718750
176.203125,0.734375
176.937500,0.734375
177.656250,0.718750
178.437500,0.781250
179.218750,0.781250
179.953125,0.734375
180.671875,0.718750
181.421875,0.750000
182.171875,0.750000
182.890625,0.718750
